2354.8262432139445
3303.303062819033
253.7689873637068
1551.661319167165
2377.558225142576
3839.922761493753
802.952505054542
2032.984437687518
2618.889226626594
3670.006764997107
1644.4783267098737
3662.627894107495
1269.1531117298696
1742.211177522559
2070.7104853034534
3564.033285748304
2369.5553202790943
1764.5208792135923
3816.3177226860753
1101.8864782677679
3426.559114139549
1500.959859829648
1299.4164523674372
467.3128690741204
2903.1673884718716
2719.09278798151
783.7378854213832
479.96430094696893
1543.5212341841793
1843.3716991810413
3826.442803627118
1804.6305362417786
1897.392698329489
498.2866701081745
473.8661375513753
3096.412686091987
1196.3046283074532
3629.188709734823
2140.125369175583
2279.902855383792
3893.167904830304
2767.5551577504584
2951.1879817365525
3234.2214268001508
3712.480820520036
1261.3780151059716
3559.645186634622
3597.168124098945
968.2944751118185
2920.2589988744176
3033.0981214281883
2218.149557540042
1192.3008076881135
3528.703396529811
2391.717726428235
2980.9538265652595
1774.5594437854634
60.00929089011598
3718.1957558348454
1283.8465720460842
2354.5324895563717
1177.0564697060197
3485.962518370921
405.8711561104893
110.25682312825458
735.2056144361212
3849.1986869207335
1304.6402955107724
878.6346255795717
3506.4219890388335
1110.8307944917003
1082.314220023743
3199.9839936409417
1222.6482987701788
432.3516256332676
2422.8653100184415
2915.1443039096107
3290.353879052785
2071.9638307304836
2745.1367899214233
853.5887266656155
2157.0961509849285
3035.204159062993
1632.6075159956615
3436.1525982049866
2314.8351505951005
2994.857844090709
2292.1833501837305
1676.1417904011803
303.6480295167894
2684.632007396217
3360.739831308081
2097.74244717965
2833.398510220367
693.711555151943
1319.5484104608477
3500.809271091209
3269.820220015638
2686.9782542587313
3093.1239849300523
2286.2648928719464
3235.3805521476756
3548.3292028871697
3100.438897614103
2216.501259454966
1954.1973681946408
3792.1879110900622
1092.8527809680747
2020.32798077154
1224.187026639277
810.9559859557902
2554.515887870049
162.17005065947188
528.5297919952208
1123.8123501350242
257.4089522549654
2380.373653122324
802.4418059700506
3764.919760498362
3754.588795820376
259.63412047320975
750.153526977356
3296.7575925407805
3161.6150090981246
137.71750478331856
360.8959987555393
1656.954567894938
517.5395029408234
1056.80266502708
2401.6072683747025
1144.6514066231002
333.24850366642346
254.9267031632527
167.97230740061187
325.08056757109307
626.3484991807115
853.1751488815252
2654.322176294547
2478.7050207316834
2808.1994103778975
929.4100773434782
556.818129006587
443.91597811582704
3230.100490493946
79.49133427886323
2153.2581412579657
2299.9439587434044
1012.0420460171893
852.0967805908324
3106.744550859127
1309.2954527838147
3968.8431253862054
103.4071601517339
2619.3630428043048
2886.6826403227783
1014.8993922354844
3353.0776207820795
115.92411498595911
1084.0699264020657
3370.174594616771
1633.0702450343226
1766.7287473669746
3179.118416269065
2206.4726315920784
1106.0843602556072
2662.223877057974
1426.9634028347564
3064.4344425831455
2890.4713659239087
331.31981190056337
1882.9196512869983
1438.111882244014
2063.681765065427
2549.0486904829913
1426.3612133868073
3365.37277828278
2726.4460150649447
1008.1491461057208
3713.6830774657187
1678.803177617096
2295.047317722965
433.06781369867633
2760.9048874744194
763.1734462752804
2849.2015820405118
93.77579506912559
3204.1350010005763
231.946037036999
398.21465490155197
1430.7028411531019
1008.7689706058632
876.7051236441947
338.2448889921248
1631.0006150834301
1495.952092081862
559.7973591071855
1158.653885852083
500.2496089445985
3027.4939475240794
3411.8768868583834
