3660.6213288968383
3300.0673386584167
3191.1192251445163
3248.45962907884
3011.664206872211
3450.658811669737
3190.0885839992425
130.72313068918672
145.8479298253792
2151.962785243114
112.5197710475212
3704.4834918721
1521.58438603808
3539.494942592777
838.7605351236376
1326.375243867926
1756.5038494459748
2258.424208054276
702.9274814658772
3292.9003863081166
2216.0456555035857
3446.7133431401085
2388.016596219265
634.9580937713868
1529.6332174288389
1076.7242960869062
1350.8329990183468
3930.199542172813
3896.129856890356
1373.4252165802375
499.76310538571454
3822.0523293367037
2106.6750177051267
562.4969812554154
3102.3169569206793
2156.912863736958
2654.407398057948
1111.7905719428206
528.2767173142231
1248.66148165275
2116.9891574862345
1914.7437343136833
438.19142790261714
3752.312197348073
1189.2493974646716
1524.5218472617007
3405.866591227105
2976.26540322488
3309.6732678728986
1582.8034357948848
3717.4014218319485
1185.2867423607613
765.8681633786144
1997.2880042242589
3218.234061283909
1543.992350702117
2480.5453717943683
207.15933534742126
1583.5609903658724
1823.2782799310733
370.9612405366687
35.893658135289996
2266.4035505624506
2839.7850386595114
1241.1682255701658
1165.9593099534695
2631.498929083621
3821.1476175672296
607.8337949133874
2180.109192911601
3412.1022597166398
2487.436006929553
3676.7886518930336
399.1245139295785
630.6896188972528
1611.847390764924
2878.8748970230195
2406.025739562113
503.46063308223154
2171.3675396683693
940.0690116300984
2181.9196807659114
602.443192531839
3920.7769143983533
3402.2619081724224
3188.8111168812848
677.911222739398
1321.0297203135783
2827.4837448106605
519.8624048777427
47.73101490680931
225.69371855570708
2609.76844068124
3397.7401061711575
1339.1591155938117
576.7934997472768
1385.2575619535012
2836.844931546704
622.5202161748435
584.0560011764798
3472.551377986896
2195.3767382429196
1605.0999644620547
2459.2128684604872
591.7193783927029
1628.3437863697973
2557.493832494183
2749.672926958143
1301.7904288952082
1112.7802061762823
1023.5601293275529
3663.5304172305096
3162.947231650366
751.5923520167469
3119.0297866512883
1500.5353061571868
571.057281417243
3472.6124695177396
3352.734165090141
2401.303089118848
2528.5791983872023
24.59127657887672
1408.3156510398967
99.7038509729542
3307.2872642090956
3332.0208025237494
203.19472821959206
1211.0208873826957
1024.6658192002963
2805.832029926348
795.4719184739263
811.1288246391406
2597.230312834325
1117.1705209092745
2338.3492147642137
2659.5962659796537
350.437527880576
226.6078665081559
1285.5617664215706
392.2756881093483
3756.255072737705
121.30349409119123
3430.2193644154195
356.5958645727427
3335.8644113409446
2747.7881964651565
3113.3585798242234
1485.4335098914642
706.3814758362353
3038.196515096431
2067.417696044547
703.0927021455713
3066.8804557231038
2712.9305340835376
3863.74978433171
3829.5792239988245
110.41702332522307
702.8958801824201
812.1961451454789
3797.0123090763736
415.15040955674067
569.605399610246
414.6498346405503
214.67357770093764
2809.0716645705443
2211.601684095566
2103.4424673317103
916.8472460951426
19.251449281409094
430.8090885158413
3999.2979593368113
3100.2642084251884
1107.9257000221871
592.5774379572819
1802.4981391936965
3005.616857635
3764.146258086351
1648.339654423963
1684.8158613137452
820.2697543413526
3461.126641101475
1199.9607508774886
2178.6743041417544
3576.9451284789284
1805.8224749945716
2070.0100959208926
2563.899812875196
3295.8210638291084
3098.6897232179685
1002.3485663201913
3131.3394051333894
465.1335806199861
2187.9724727397097
1652.574898127093
3956.523030048386
2178.0337361859188
144.276246531426
3938.0338566116466
3445.4544856661973
1841.102585875615
