-494.97386061362397
-496.4494331175952
-491.3662957185541
-481.5936088878531
-490.3355685976276
-487.4451539679652
-488.48011122938044
-497.0351771362915
-486.9195891732039
-492.3905267470684
-488.2040286772542
-492.34386297950135
-486.1598589657677
-487.8548105870152
-487.9222201587946
-489.9306577393411
-493.69631525189334
-493.21245947917436
-499.7302184907289
-488.2460777701731
-493.58699124879195
-497.25098591875616
-489.03216977910733
-485.13333818024313
-497.59825576994405
-491.30212761378345
-482.9827679533316
-483.7140448481034
-496.6502219259004
-488.1071345774772
-493.0481700552468
-499.6363658593011
-481.35763460051083
-486.5840212140889
-489.26095712116506
-495.41016373410235
-490.344826929929
-480.49666512467104
-498.92000230388095
-481.3231107658745
-488.626610762561
-483.7326541810755
-499.5368776360248
-483.07633865934804
-493.83525594431717
-496.4788327332561
-494.75621853695725
-483.7976964087857
-495.4369929231063
-485.0405095714946
-482.77824369274856
-482.48523857856907
-491.31974796389983
-493.38233419891145
-489.4874080214316
-492.20307994019714
-497.24710958240456
-486.6758790790508
-483.04195433215716
-489.49629347098886
-487.66180032920187
-486.22098440449196
-493.10489996317017
-481.51105977798727
-481.18521392702746
-491.0649715006822
-486.19778479651205
-499.2008018440484
-490.89785401411854
-494.4758471595115
-498.83428530461043
-493.76857688721236
-498.09879644973233
-493.1326594218863
-482.14157790438423
-489.1405229393139
-498.73057620078725
-493.47819668944084
-485.60312311689796
-485.7846926450427
-494.0191805957444
-483.1362486287286
-483.3573130328482
-480.58413377099265
-491.1171135013601
-495.62768493198183
-484.16221532114275
-483.74261526121273
-485.65077617351415
-493.82663605321716
-485.6874261970931
-496.84591779094103
-496.061689558913
-491.6800862957049
-495.21981775271007
-486.22114978075933
-489.49436772670816
-484.67123673636814
-482.1707592623999
-482.6310705259942
-480.72192709272275
-487.3390002536176
-492.9481669818515
-482.10994677033005
-499.213809178231
-480.87305500337703
-485.80750954340215
-493.3919852562114
-484.9382596264876
-495.38588238397006
-492.2216988022079
-494.9029257579183
-490.8555023900699
-489.92027035144207
-482.1105546963353
-488.6799063150405
-499.295819968267
-488.58278139964483
-482.94632722066456
-489.8542451000392
-480.5300346750522
-483.40071816203755
-497.30253473901706
-488.4763129309837
-494.8281705317042
-483.5821559076801
-499.8391647774741
-485.481199859633
-484.16534798692317
-496.815635887196
-493.0180543323457
-496.48841925461767
-496.4722558617868
-491.0781462051001
-481.01805824553327
-495.89841296121114
-493.9408173580303
-485.12705467258445
-483.3703920754429
-499.39315751386357
-497.38395094836886
-492.4336758956829
-493.7603126401145
-495.4677058258904
-491.0116126521287
-496.7732048317607
-495.24208605770326
-496.0140232358369
-496.2235786871646
-488.0177587828507
-490.7899786310186
-482.2480139018431
-499.132717774325
-493.8863191577068
-497.65876856179744
-495.41515886590446
-484.52077588289035
-487.48738686639507
-485.4530826959497
-481.7297274813557
-488.79198423689456
-491.4471969725968
-491.105628846646
-487.89704414245546
-496.2280768329277
-497.2483714709534
-499.14016869957953
-497.3378314156622
-486.46159068979404
-493.11091692521074
-492.6458818217945
-497.878178945743
-496.5725955253127
-485.32951497307835
-499.31552800192657
-499.1882186053143
-488.57728903989187
-486.4380642681697
-497.7006076841254
-492.6471208698283
-492.3151747443653
-488.904490370223
-491.51250093662236
-487.5815513242911
-484.85480563849706
-485.26585004458207
-484.3493473318853
-485.96926517313574
-490.5263862470087
-494.69579587668056
-493.6542066461214
-492.71904749078374
-480.55277711812624
-491.9535011783086
-491.01082294829877
-480.5327315918232
-497.98874687582423
-487.49516968741864
-486.05909797250723
-497.12456728396154
